
1	 	0.00100127	 	997.65	 	1	 	59860	 	0	 	60	 		 	60.001	 	get
2	 	0.00141009	 	1417.06	 	1	 	85028	 	0	 	60	 		 	60.0032	 	get
3	 	0.00190016	 	1577.55	 	1	 	94657	 	0	 	60	 		 	60.0026	 	get
4	 	0.00237152	 	1685.75	 	1	 	101152	 	0	 	60	 		 	60.004	 	get
5	 	0.00289832	 	1724.35	 	1	 	103469	 	0	 	60	 		 	60.0048	 	get
7	 	0.00391183	 	1788.79	 	1	 	107338	 	0	 	60	 		 	60.0058	 	get
10	 	0.00539588	 	1852.76	 	1	 	111177	 	0	 	60	 		 	60.006	 	get
12	 	0.00645799	 	1857.67	 	1	 	111475	 	0	 	60	 		 	60.0081	 	get
15	 	0.0082275	 	1822.74	 	1	 	109380	 	0	 	60	 		 	60.0086	 	get
17	 	0.00939562	 	1808.92	 	1	 	108552	 	0	 	60	 		 	60.0094	 	get
20	 	0.0113485	 	1761.88	 	1	 	70496	 	0	 	40	 		 	40.0118	 	get

1	 	0.000979914	 	1019.3	 	1	 	50966	 	0	 	50	 		 	50.001	 	get
2	 	0.00106514	 	1875.2	 	1	 	93763	 	0	 	50	 		 	50.0016	 	get
3	 	0.00157225	 	1906.49	 	1	 	95328	 	0	 	50	 		 	50.0019	 	get
4	 	0.00202194	 	1976.82	 	1	 	98846	 	0	 	50	 		 	50.0026	 	get
5	 	0.00251324	 	1988.15	 	1	 	79534	 	0	 	40	 		 	40.0041	 	get
7	 	0.00335991	 	2082.34	 	1	 	83301	 	0	 	40	 		 	40.0035	 	get
10	 	0.00471481	 	2120.13	 	1	 	84818	 	0	 	40	 		 	40.006	 	get
12	 	0.00554848	 	2161.85	 	1	 	64868	 	0	 	30	 		 	30.0058	 	get
15	 	0.00698111	 	2147.73	 	1	 	64446	 	0	 	30	 		 	30.0065	 	get
17	 	0.00794073	 	2140.14	 	1	 	85624	 	0	 	40	 		 	40.0086	 	get
20	 	0.00941904	 	2122.59	 	1	 	84929	 	0	 	40	 		 	40.0119	 	get

1	 	0.000866223	 	1152.97	 	1	 	46120	 	0	 	40	 		 	40.001	 	get
2	 	0.000932587	 	2141.85	 	1	 	85677	 	0	 	40	 		 	40.0015	 	get
3	 	0.00110679	 	2707.32	 	1	 	108298	 	0	 	40	 		 	40.0019	 	get
4	 	0.00140859	 	2836.92	 	1	 	113482	 	0	 	40	 		 	40.0019	 	get
5	 	0.00169748	 	2943.09	 	1	 	117731	 	0	 	40	 		 	40.0025	 	get
7	 	0.00247372	 	2827.92	 	1	 	113125	 	0	 	40	 		 	40.0029	 	get
10	 	0.00314244	 	3180.64	 	1	 	127240	 	0	 	40	 		 	40.0045	 	get
12	 	0.00387578	 	3094.75	 	1	 	123804	 	0	 	40	 		 	40.0045	 	get
15	 	0.00459685	 	3261.87	 	1	 	130492	 	0	 	40	 		 	40.0053	 	get
17	 	0.00522953	 	3249.56	 	1	 	130002	 	0	 	40	 		 	40.006	 	get
20	 	0.00652812	 	3062.67	 	1	 	122526	 	0	 	40	 		 	40.0062	 	get

1	 	0.000185812	 	5356.94	 	0.1	 	160721	 	0	 	30	 		 	30.0024	 	get
7	 	0.00447982	 	1562.12	 	0.1	 	93737	 	0	 	60	 		 	60.0063	 	get
7	 	0.00560455	 	1248.67	 	0.1	 	37471	 	0	 	30	 		 	30.0088	 	get
5	 	0.00253651	 	1970.35	 	0.1	 	59119	 	0	 	30	 		 	30.0044	 	get
7	 	0.00367995	 	1901.45	 	0.1	 	57047	 	0	 	30	 		 	30.0018	 	get
8	 	0.00403594	 	1981.4	 	0.1	 	59452	 	0	 	30	 		 	30.005	 	get
7	 	0.0056404	 	1240.67	 	0.1	 	37229	 	0	 	30	 		 	30.0071	 	get
5	 	0.00225047	 	2220.52	 	0.1	 	66629	 	0	 	30	 		 	30.006	 	get
5	 	0.00380615	 	1313.23	 	0.1	 	39405	 	0	 	30	 		 	30.0061	 	get
5	 	0.00123303	 	4053.55	 	0	 	121651	 	0	 	30	 		 	30.011	 	new
5	 	0.00647366	 	772.137	 	0.1	 	23169	 	0	 	30	 		 	30.0063	 	get
7	 	0.000896834	 	7792.43	 	0.1	 	233807	 	0	 	30	 		 	30.0044	 	get
8	 	0.00108709	 	7348.39	 	0.1	 	440959	 	0	 	60	 		 	60.0075	 	get
5	 	0.00432761	 	1155.06	 	0.1	 	34653	 	0	 	30	 		 	30.0012	 	get
7	 	0.00251221	 	2784.92	 	0.1	 	83559	 	0	 	30	 		 	30.0041	 	get
5	 	0.00406291	 	1230.23	 	0.1	 	36915	 	0	 	30	 		 	30.0066	 	get
1	 	0.000441689	 	2259.19	 	0.1	 	67785	 	0	 	30	 		 	30.0042	 	get
7	 	0.00594876	 	1176.41	 	0.1	 	35301	 	0	 	30	 		 	30.0075	 	get
7	 	0.00523485	 	1336.75	 	0.1	 	40113	 	0	 	30	 		 	30.0078	 	get
5	 	0.00371033	 	1347.03	 	0.1	 	40420	 	0	 	30	 		 	30.0069	 	get
5	 	0.00376227	 	1328.41	 	0.1	 	39859	 	0	 	30	 		 	30.005	 	get
5	 	0.00504116	 	991.534	 	0.1	 	49589	 	0	 	50	 		 	50.0124	 	get
5	 	0.00434972	 	1149.08	 	0.1	 	45969	 	0	 	40	 		 	40.005	 	get
5	 	0.00438473	 	1139.86	 	0.1	 	34202	 	0	 	30	 		 	30.0055	 	get
5	 	0.00423435	 	1180.34	 	0.1	 	35417	 	0	 	30	 		 	30.0059	 	get
5	 	0.00390406	 	1280.31	 	0.1	 	38414	 	0	 	30	 		 	30.0037	 	get
5	 	0.00404073	 	1236.97	 	0.1	 	37116	 	0	 	30	 		 	30.0056	 	get
5	 	0.00397425	 	1257.59	 	0.1	 	37733	 	0	 	30	 		 	30.0043	 	get
5	 	0.00403245	 	1239.45	 	0.1	 	37189	 	0	 	30	 		 	30.0044	 	get
5	 	0.000543743	 	9177.23	 	0.1	 	275360	 	0	 	30	 		 	30.0047	 	get
7	 	0.00071734	 	9743.77	 	0.1	 	584716	 	0	 	60	 		 	60.0092	 	get
8	 	0.000802914	 	9950.54	 	0.1	 	497605	 	0	 	50	 		 	50.0078	 	get
1	 	10	 	0.159064	 	6.25562	 	603	 	397	 	1000	 	6030	 	96.3933	 	get	 	0.159856
1	 	0.001	 	0.00112179	 	876.319	 	10	 	0	 	10	 	0.01	 	0.0114114	 	get	 	0.00114114
10	 	0.001	 	0.00937023	 	1061.29	 	10000	 	0	 	1000	 	10	 	9.42249	 	get	 	0.00942249
15	 	0.001	 	0.0134986	 	1100.55	 	15000	 	0	 	1000	 	15	 	13.6296	 	get	 	0.0136296
20	 	0.001	 	0.0180154	 	1095.99	 	20000	 	0	 	1000	 	20	 	18.2483	 	get	 	0.0182483
17	 	0.001	 	0.0149369	 	1130.9	 	17000	 	0	 	1000	 	17	 	15.0323	 	get	 	0.0150323
20	 	0.001	 	0.0179053	 	1106.84	 	20000	 	0	 	1000	 	20	 	18.0695	 	get	 	0.0180695
25	 	0.001	 	0.0274978	 	704.637	 	20000	 	5000	 	1000	 	20	 	28.3834	 	get	 	0.0354793
10	 	0.01	 	0.0119316	 	832.541	 	10000	 	0	 	1000	 	100	 	12.0114	 	get	 	0.0120114
15	 	0.01	 	0.0235545	 	631.029	 	15000	 	0	 	1000	 	150	 	23.7707	 	get	 	0.0237707
7	 	0.01	 	0.00760608	 	914.706	 	7000	 	0	 	1000	 	70	 	7.65273	 	get	 	0.00765273
9	 	0.01	 	0.0105846	 	846.093	 	9000	 	0	 	1000	 	90	 	10.6371	 	get	 	0.0106371
8	 	0.01	 	0.00920904	 	863.692	 	8000	 	0	 	1000	 	80	 	9.26256	 	get	 	0.00926256
5	 	0.1	 	0.00752725	 	660.525	 	5000	 	0	 	1000	 	500	 	7.56973	 	get	 	0.00756973
5	 	0.1	 	0.00742077	 	667.947	 	5000	 	0	 	1000	 	500	 	7.48562	 	get	 	0.00748562
4	 	0.1	 	0.00626601	 	635.897	 	4000	 	0	 	1000	 	400	 	6.29032	 	get	 	0.00629032
7	 	0.1	 	0.0100038	 	697.166	 	7000	 	0	 	1000	 	700	 	10.0407	 	get	 	0.0100407
10	 	0.1	 	0.0148325	 	665.074	 	10000	 	0	 	1000	 	1000	 	15.0359	 	get	 	0.0150359
7	 	-nan	 	-nan	 	0	 	0	 	6992	 	1000	 	0	 	35.7697	 	get	 	inf
7	 	0.1	 	0.0100399	 	692.797	 	6998	 	0	 	1000	 	699.8	 	10.1011	 	get	 	0.010104
7	 	-nan	 	-nan	 	0	 	0	 	7000	 	1000	 	0	 	0.938273	 	get	 	inf
7	 	0.1	 	0.00902887	 	770.844	 	7000	 	0	 	1000	 	700	 	9.08096	 	get	 	0.00908096
10	 	0.1	 	0.0130373	 	755.345	 	10000	 	0	 	1000	 	1000	 	13.239	 	get	 	0.013239
5	 	0.1	 	0.00599214	 	832.851	 	5000	 	0	 	1000	 	500	 	6.00347	 	get	 	0.00600347
4	 	0.1	 	0.0048564	 	818.423	 	4000	 	0	 	1000	 	400	 	4.88745	 	get	 	0.00488745
15	 	0.001	 	0.00583504	 	2126.41	 	15000	 	0	 	1000	 	15	 	7.05415	 	get	 	0.00705415
20	 	0.001	 	0.00966635	 	1753.53	 	20000	 	0	 	1000	 	20	 	11.4056	 	get	 	0.0114056
17	 	0.001	 	0.00701352	 	2040.4	 	17000	 	0	 	1000	 	17	 	8.3317	 	get	 	0.0083317
12	 	0.001	 	0.00392347	 	2506.78	 	12000	 	0	 	1000	 	12	 	4.78701	 	get	 	0.00478701
10	 	0.001	 	0.00314355	 	2556.86	 	10000	 	0	 	1000	 	10	 	3.91105	 	get	 	0.00391105
7	 	0.001	 	0.00255468	 	2467.45	 	7000	 	0	 	1000	 	7	 	2.83694	 	get	 	0.00283694
5	 	0.01	 	0.00380707	 	1301.58	 	5000	 	0	 	1000	 	50	 	3.8415	 	get	 	0.0038415
7	 	0.01	 	0.0067682	 	956.169	 	7000	 	0	 	1000	 	70	 	7.32088	 	get	 	0.00732088
4	 	0.01	 	0.00252753	 	1559.6	 	4000	 	0	 	1000	 	40	 	2.56476	 	get	 	0.00256476
3	 	0.01	 	0.00193535	 	1536.19	 	3000	 	0	 	1000	 	30	 	1.95289	 	get	 	0.00195289
10	 	0.001	 	0.00341593	 	2409.98	 	10000	 	0	 	1000	 	10	 	4.14942	 	get	 	0.00414942
12	 	0.001	 	0.00381631	 	2530.37	 	12000	 	0	 	1000	 	12	 	4.74239	 	get	 	0.00474239
1	 	1	 	0.0013242	 	754.441	 	1000	 	0	 	1000	 	1000	 	1.32548	 	get	 	0.00132548
2	 	1	 	0.0190325	 	104.817	 	2000	 	0	 	1000	 	2000	 	19.0808	 	get	 	0.0190808
1	 	1	 	0.00132605	 	753.489	 	1000	 	0	 	1000	 	1000	 	1.32716	 	get	 	0.00132716
2	 	1	 	0.0189628	 	105.093	 	2000	 	0	 	1000	 	2000	 	19.0308	 	get	 	0.0190308
1	 	1	 	0.00732604	 	136.463	 	1000	 	0	 	1000	 	1000	 	7.32802	 	get	 	0.00732802
1	 	-nan	 	-nan	 	0	 	0	 	1000	 	1000	 	0	 	0.0671966	 	get	 	inf
1	 	-nan	 	-nan	 	0	 	0	 	1	 	1	 	0	 	0.000172492	 	get	 	inf
1	 	1	 	0.00728652	 	135.832	 	998	 	0	 	1000	 	998	 	7.34732	 	get	 	0.00736205
1	 	1	 	0.00751955	 	132.954	 	1000	 	0	 	1000	 	1000	 	7.52137	 	get	 	0.00752137
2	 	1	 	0.0192757	 	103.47	 	2000	 	0	 	1000	 	2000	 	19.3293	 	get	 	0.0193293
1	 	10	 	0.0593648	 	16.8439	 	500	 	0	 	500	 	5000	 	29.6843	 	get	 	0.0593686
1	 	10	 	0.0593254	 	16.8549	 	500	 	0	 	500	 	5000	 	29.665	 	get	 	0.0593301
1	 	10	 	0.0592871	 	16.866	 	500	 	0	 	500	 	5000	 	29.6454	 	get	 	0.0592908
1	 	10	 	0.0588911	 	16.9793	 	500	 	0	 	500	 	5000	 	29.4477	 	get	 	0.0588954
1	 	100	 	0.504031	 	1.98398	 	100	 	0	 	100	 	10000	 	50.4037	 	get	 	0.504037
1	 	100	 	0.513744	 	1.94643	 	20	 	0	 	20	 	2000	 	10.2752	 	get	 	0.513762
1	 	100	 	0.511375	 	1.95548	 	30	 	0	 	30	 	3000	 	15.3415	 	get	 	0.511383
1	 	100	 	0.514501	 	1.94359	 	50	 	0	 	50	 	5000	 	25.7255	 	get	 	0.514511
2	 	0.0924383	 	21.5461	 	0	 	110	 	0	 	5	 		 	5.10533	 	new
100	 	-nan	 	-nan	 	0	 	0	 	2000	 	20	 	0	 	0.096341	 	new	 	inf
200	 	0	 	0.248169	 	796.836	 	2000	 	0	 	10	 	0	 	2.50993	 	new	 	0.250993
20	 	0.001	 	0.0692732	 	285.907	 	20000	 	0	 	1000	 	20	 	69.9529	 	get	 	0.0699529
20	 	0.001	 	0.0681946	 	291.062	 	20000	 	0	 	1000	 	20	 	68.7138	 	get	 	0.0687138
15	 	0.001	 	0.0506409	 	292.869	 	15000	 	0	 	1000	 	15	 	51.2174	 	get	 	0.0512174
15	 	0.001	 	0.0139529	 	1068.53	 	15000	 	0	 	1000	 	15	 	14.0379	 	get	 	0.0140379
20	 	0.001	 	0.0192051	 	1032.2	 	20000	 	0	 	1000	 	20	 	19.3761	 	get	 	0.0193761
30	 	0.001	 	0.0285816	 	1027.15	 	15000	 	0	 	500	 	15	 	14.6036	 	get	 	0.0292071
25	 	0.001	 	0.0234789	 	1036.69	 	12500	 	0	 	500	 	12.5	 	12.0576	 	get	 	0.0241152
27	 	0.001	 	0.0261096	 	1011.88	 	13500	 	0	 	500	 	13.5	 	13.3415	 	get	 	0.026683
40	 	0.001	 	0.0401257	 	947.8	 	20000	 	0	 	500	 	20	 	21.1015	 	get	 	0.042203
2	 	-nan	 	0	 	-nan	 	0	 	84151	 	10	 		 	10.0002	 	get
2	 	0.000238631	 	8340.69	 	0.001	 	83414	 	0	 	10	 		 	10.0008	 	get