
1	 	0.1	 	0.000876121	 	1139.57	 	1000	 	0	 	1000	 	100	 	0.877523	get	 	0.000877523
2	 	0.1	 	0.00220674	 	904.407	 	2000	 	0	 	1000	 	200	 	2.21139	 	get	 	0.00221139
3	 	0.1	 	0.00374511	 	796.092	 	3000	 	0	 	1000	 	300	 	3.76841	 	get	 	0.00376841
4	 	0.1	 	0.00499746	 	795.35	 	4000	 	0	 	1000	 	400	 	5.02923	 	get	 	0.00502923
5	 	0.1	 	0.00613178	 	807.919	 	5000	 	0	 	1000	 	500	 	6.18874	 	get	 	0.00618874
7	 	0.1	 	0.00860522	 	806.132	 	7000	 	0	 	1000	 	700	 	8.68344	 	get	 	0.00868344
9	 	0.1	 	0.011469	 	775.205	 	9000	 	0	 	1000	 	900	 	11.6098	 	get	 	0.0116098
10	 	0.1	 	0.0136055	 	728.182	 	10000	 	0	 	1000	 	1000	13.7328	 	get	 	0.0137328
12	 	0.1	 	0.0184685	 	637.022	 	12000	 	0	 	1000	 	1200	18.8377	 	get	 	0.0188377
15	 	0.1	 	0.0329218	 	452.571	 	15000	 	0	 	1000	 	1500	33.144	 	get	 	0.033144
17	 	0.1	 	0.0459247	 	366.327	 	17000	 	0	 	1000	 	1700	46.4067	 	get	 	0.0464067
20	 	0.1	 	0.0661344	 	298.657	 	20000	 	0	 	1000	 	2000	66.9664	 	get	 	0.0669664

********************************************************************************************************************************
1	 	0.01	 	0.000545387	 	1828.89	 	1000	 	0	 	1000	 	10	 	0.546779	get	 	0.000546779
2	 	0.01	 	0.000701463	 	2836.99	 	2000	 	0	 	1000	 	20	 	0.704972	get	 	0.000704972
3	 	0.01	 	0.000945105	 	3161.48	 	3000	 	0	 	1000	 	30	 	0.948923	get	 	0.000948923
4	 	0.01	 	0.00114823	 	3453.44	 	4000	 	0	 	1000	 	40	 	1.15827	 	get	 	0.00115827
5	 	0.01	 	0.00145675	 	3322.92	 	5000	 	0	 	1000	 	50	 	1.5047	 	get	 	0.0015047
7	 	0.01	 	0.00238694	 	2874.83	 	7000	 	0	 	1000	 	70	 	2.43492	 	get	 	0.00243492
9	 	0.01	 	0.00258909	 	3428.2	 	9000	 	0	 	1000	 	90	 	2.62529	 	get	 	0.00262529
10	 	0.01	 	0.00279566	 	3416.34	 	10000	 	0	 	1000	 	100	 	2.92711	 	get	 	0.00292711
12	 	0.01	 	0.00345555	 	3325.41	 	12000	 	0	 	1000	 	120	 	3.60857	 	get	 	0.00360857
15	 	0.01	 	0.00602114	 	2354.12	 	15000	 	0	 	1000	 	150	 	6.3718	 	get	 	0.0063718
17	 	0.01	 	0.00631393	 	2575.61	 	17000	 	0	 	1000	 	170	 	6.60037	 	get	 	0.00660037
20	 	0.01	 	0.00755906	 	2538.3	 	20000	 	0	 	1000	 	200	 	7.8793	 	get	 	0.0078793

******************************************************************************************************************************************
1	 	1	 	0.00735199	 	135.965	 	1000	 	0	 	1000	 	1000	 	7.35482	 	get	 	0.00735482
2	 	1	 	0.0181434	 	109.678	 	2000	 	0	 	1000	 	2000	 	18.2352	 	get	 	0.0182352
3	 	1	 	0.0310262	 	95.9185	 	3000	 	0	 	1000	 	3000	 	31.2766	 	get	 	0.0312766
4	 	1	 	0.0430615	 	92.6222	 	4000	 	0	 	1000	 	4000	 	43.1862	 	get	 	0.0431862
5	 	1	 	0.0546406	 	90.7796	 	5000	 	0	 	1000	 	5000	 	55.0785	 	get	 	0.0550785
7	 	1	 	0.0762791	 	91.2354	 	7000	 	0	 	1000	 	7000	 	76.7246	 	get	 	0.0767246
9	 	1	 	0.119789	 	73.7979	 	9000	 	0	 	1000	 	9000	 	121.955	 	get	 	0.121955
10	 	1	 	0.130859	 	75.7232	 	10000	 	0	 	1000	 	10000	 	132.06	 	get	 	0.13206
12	 	1	 	0.17972	 		66.1229	 	12000	 	0	 	1000	 	12000	 	181.48	 	get	 	0.18148
15	 	1	 	0.258138	 	57.3053	 	15000	 	0	 	1000	 	15000	 	261.756	 	get	 	0.261756
17	 	1	 	0.308968	 	54.4881	 	17000	 	0	 	1000	 	17000	 	311.995	 	get	 	0.311995
20	 	1	 	0.365174	 	53.8434	 	20000	 	0	 	1000	 	20000	 	371.448	 	get	 	0.371448

*****************************************************************************************************************************************
1	 	10	 	0.0799435	 	12.508	 	500	 		0	 	500	 	5000	 	39.9744	 	get	 	0.0799487
2	 	10	 	0.166048	 	11.9404	 	1000	 	0	 	500	 	10000	 	83.7492	 	get	 	0.167498
3	 	10	 	0.249425	 	11.6613	 	1500	 	0	 	500	 	15000	 	128.63	 	get	 	0.25726
4	 	10	 	0.360827	 	10.9615	 	2000	 	0	 	500	 	20000	 	182.457	 	get	 	0.364913
5	 	10	 	0.468329	 	10.5712	 	2500	 	0	 	500	 	25000	 	236.491	 	get	 	0.472983
7	 	10	 	0.683229	 	10.1104	 	3500	 	0	 	500	 	35000	 	346.177	 	get	 	0.692353
9	 	10	 	0.926451	 	9.62592	 	4500	 	0	 	500	 	45000	 	467.488	 	get	 	0.934976
10	 	10	 	1.03376	 		9.60537	 	5000	 	0	 	500	 	50000	 	520.542	 	get	 	1.04108
12	 	10	 	1.29226	 		9.08885	 	6000	 	0	 	500	 	60000	 	660.15	 	get	 	1.3203
15	 	10	 	1.70929	 		8.62781	 	7500	 	0	 	500	 	75000	 	869.282	 	get	 	1.73856
17	 	10	 	2.00257	 		8.29613	 	8500	 	0	 	500	 	85000	 	1024.57	 	get	 	2.04915
20	 	10	 	2.4372	 		7.96619	 	10000	 	0	 	500	 	100000	 	1255.31	 	get	 	2.51061

**************************************************************************************************************************************************************
1	 	10	 	0.0900359	11.1058	 	500	 		0	 	500	 	5000	 	45.0214	 	get	 	0.0900428
2	 	10	 	0.191125	10.3848	 	1000	 	0	 	500	 	10000	 	96.295	 	get	 	0.19259
3	 	10	 	0.30035	 	9.86625	 	1500	 	0	 	500	 	15000	 	152.034	 	get	 	0.304067
4	 	10	 	0.42329	 	9.4174	 	2000	 	0	 	500	 	20000	 	212.373	 	get	 	0.424746
5	 	10	 	0.537419	9.16345	 	2500	 	0	 	500	 	25000	 	272.823	 	get	 	0.545646
7	 	10	 	0.81052	 	8.5162	 	3500	 	0	 	500	 	35000	 	410.981	 	get	 	0.821963
9	 	10	 	1.06743	 	8.30266	 	4500	 	0	 	500	 	45000	 	541.995	 	get	 	1.08399
10	 	10	 	1.21924	 	7.99769	 	5000	 	0	 	500	 	50000	 	625.181	 	get	 	1.25036
12	 	10	 	1.55556	 	7.59924	 	6000	 	0	 	500	 	60000	 	789.552	 	get	 	1.5791
15	 	10	 	2.0288	 	7.25426	 	7500	 	0	 	500	 	75000	 	1033.87	 	get	 	2.06775
17	 	10	 	2.38378	 	7.05153	 	8500	 	0	 	500	 	85000	 	1205.41	 	get	 	2.41082
20	 	10	 	2.82356	 	6.89575	 	10000	 	0	 	500	 	100000	 	1450.17	 	get	 	2.90034

*****************************************************************************************************************************************
1	 	0.001	 	0.000662106	 	1503.35	 	1000	 	0	 	1000	 	1	 	0.665183	 	get	 	0.000665183


2	 	0.001	 	0.000799934	 	2484.16	 	2000	 	0	 	1000	 	2	 	0.805102	 	get	 	0.000805102
3	 	0.001	 	0.00103023	 	2845.07	 	3000	 	0	 	1000	 	3	 	1.05446	 	get	 	0.00105446
4	 	0.001	 	0.00110484	 	3576.75	 	4000	 	0	 	1000	 	4	 	1.11834	 	get	 	0.00111834
5	 	0.001	 	0.00106574	 	4509.06	 	5000	 	0	 	1000	 	5	 	1.10888	 	get	 	0.00110888
7	 	0.001	 	0.00158655	 	4293.22	 	7000	 	0	 	1000	 	7	 	1.63048	 	get	 	0.00163048
9	 	0.001	 	0.00170049	 	4964.07	 	9000	 	0	 	1000	 	9	 	1.81303	 	get	 	0.00181303
10	 	0.001	 	0.00206195	 	4552.71	 	10000	 	0	 	1000	 	10	 	2.1965	 	get	 	0.0021965
12	 	0.001	 	0.00207877	 	5260.95	 	12000	 	0	 	1000	 	12	 	2.28096	 	get	 	0.00228096
15	 	0.001	 	0.00274204	 	4954.06	 	15000	 	0	 	1000	 	15	 	3.02782	 	get	 	0.00302782
17	 	0.001	 	0.00345229	 	4404.38	 	17000	 	0	 	1000	 	17	 	3.8598	 	get	 	0.0038598
20	 	0.001	 	0.00410883	 	4364.49	 	20000	 	0	 	1000	 	20	 	4.58244	 	get	 	0.00458244
22	 	0.001	 	0.00549231	 	3554.38	 	22000	 	0	 	1000	 	22	 	6.18954	 	get	 	0.00618954
25	 	0.001	 	0.00581266	 	3860.35	 	25000	 	0	 	1000	 	25	 	6.47609	 	get	 	0.00647609
27	 	0.001	 	0.00802837	 	3113.98	 	27000	 	0	 	1000	 	27	 	8.67057	 	get	 	0.00867057
30	 	0.001	 	0.00943872	 	2885.82	 	30000	 	0	 	1000	 	30	 	10.3957	 	get	 	0.0103957